4074 3
4447
5673 7
5706
6003 8
6145
6448 9
7434
9263 15
9559
9856 16
9908
10209 17
10261
10562 18
10614
11540 21
11646
11954 22
12834
13131 23
13165
13462 24
13495
13794 25
13881
14178 26
14211
15114 29
15410
16014 31
16020
16628 33
16924
17841 36
18415
18721 37
18812
19415 39
19462
19769 40
20855
21757 43
29537
30436 46
30732
31358 48
31378
32593 52
32889
33805 55
33834
34131 56
34190
34487 57
34539
34842 58
34931
35230 59
35316
36223 62
36519
37438 65
37734
38650 68
38702
39001 69
39086
39385 70
39472
40379 73
40675
