4687 3
5062
6292 7
7446
9275 13
9571
9868 14
9922
10219 15
10273
10574 16
10628
11554 19
11660
11972 20
12864
13165 21
13199
13500 22
13533
13836 23
13923
14224 24
14257
15164 27
15456
16064 29
16070
16678 31
16970
17887 34
18479
18781 35
18874
19477 37
19524
19831 38
21033
21935 41
29998
30893 44
31189
31815 46
31835
33054 50
33350
34266 53
34295
34592 54
34651
34948 55
35002
35305 56
35394
35697 57
35783
36686 60
36982
37905 63
38197
39113 66
39167
39466 67
39551
39850 68
39937
40840 71
41136
