4074 3
4447
5673 7
5706
6003 8
6145
6448 9
7434
9263 15
9555
9852 16
9904
10205 17
10257
10558 18
10610
11536 21
11642
11950 22
12830
13127 23
13161
13458 24
13491
13790 25
13877
14174 26
14207
15110 29
15406
16010 31
16016
16624 33
16920
17837 36
18411
18717 37
18808
19411 39
19458
19765 40
20851
21753 43
29533
30432 46
30728
31354 48
31374
32589 52
32885
33801 55
33830
34127 56
34186
34483 57
34535
34838 58
34927
35226 59
35312
36219 62
36515
37434 65
37730
38646 68
38698
38997 69
39082
39381 70
39468
40375 73
40671
