5371 3
5744
6970 7
7003
7300 8
7442
7745 9
8758
10587 15
10883
11180 16
11232
11533 17
11585
11886 18
11938
12864 21
12970
13278 22
14158
14455 23
14489
14786 24
14819
15118 25
15205
15502 26
15535
16438 29
16734
17338 31
17344
17952 33
18248
19165 36
19739
20045 37
20136
20739 39
20786
21093 40
22170
23072 43
31065
31964 46
32260
32886 48
32906
34121 52
34417
35333 55
35362
35659 56
35718
36015 57
36067
36370 58
36459
36758 59
36844
37751 62
38047
38966 65
39262
40178 68
40230
40529 69
40614
40913 70
41000
41907 73
42203
