5187 3
5564
6790 7
6823
7120 8
7182
7485 9
8495
10324 15
10620
10917 16
10973
11274 17
11330
11631 18
11687
12613 21
12719
13027 22
13927
14224 23
14258
14555 24
14588
14887 25
14974
15271 26
15304
16207 29
16503
17107 31
17113
17721 33
18017
18934 36
19474
19780 37
19875
20478 39
20525
20832 40
21956
22858 43
31009
31908 46
32204
33730 51
34026
34942 54
34971
35268 55
35327
35624 56
35680
35983 57
36072
36375 58
36461
37368 61
37664
38583 64
38879
39795 67
39851
40150 68
40235
40534 69
40621
41524 72
41820
