9491 3
9874
11100 7
11133
11430 8
11572
11875 9
12898
14727 15
15023
15320 16
15382
15683 17
15745
16046 18
16108
17034 21
17140
17448 22
18364
18661 23
18695
18992 24
19025
19324 25
19411
19708 26
19741
20644 29
20940
21544 31
21550
22158 33
22454
23371 36
24039
24345 37
24446
25049 39
25096
25403 40
26506
27408 43
35734
36633 46
36929
37555 48
37575
38790 52
39082
39998 55
40027
40324 56
40383
40680 57
40742
41045 58
41134
41433 59
41519
42426 62
42722
43641 65
43937
44853 68
44915
45214 69
45299
45598 70
45685
46592 73
46888
