8477 3
8860
10086 7
10119
10416 8
10558
10861 9
11884
13713 15
14009
14306 16
14368
14669 17
14731
15032 18
15094
16020 21
16126
16434 22
17350
17647 23
17681
17978 24
18011
18310 25
18397
18694 26
18727
19630 29
19926
20530 31
20536
21144 33
21440
22357 36
23025
23331 37
23432
24035 39
24082
24389 40
25476
26378 43
34704
35603 46
35899
36525 48
36545
37760 52
38052
38968 55
38997
39294 56
39353
39650 57
39712
40015 58
40104
40403 59
40489
41396 62
41692
42611 65
42907
43823 68
43885
44184 69
44269
44568 70
44655
45562 73
45858
