15083 3
15457
16683 7
16716
17013 8
17155
17458 9
18472
20301 15
20597
20894 16
20947
21248 17
21301
21602 18
21655
22581 21
22687
22995 22
23882
24179 23
24213
24510 24
24543
24842 25
24929
25226 26
25259
26162 29
26458
27062 31
27068
27676 33
27972
28889 36
29495
29801 37
29893
30496 39
30543
30850 40
31944
32846 43
40892
41791 46
42087
42713 48
42733
43948 52
44244
45160 55
45189
45486 56
45545
45842 57
45895
46198 58
46287
46586 59
46672
47579 62
47875
48794 65
49090
50006 68
50059
50358 69
50443
50742 70
50829
51736 73
52032
