6068 3
6448
7674 7
7707
8004 8
8146
8449 9
9469
11298 15
11594
11891 16
11950
12251 17
12310
12611 18
12670
13596 21
13702
14010 22
14912
15209 23
15243
15540 24
15573
15872 25
15959
16256 26
16289
17192 29
17488
18092 31
18098
18706 33
19002
19919 36
20501
20807 37
20905
21508 39
21555
21862 40
22966
23868 43
32068
32967 46
33259
33885 48
33905
35120 52
35416
36332 55
36361
36658 56
36717
37014 57
37073
37376 58
37465
37764 59
37850
38757 62
39053
39972 65
40268
41184 68
41243
41542 69
41627
41926 70
42013
42920 73
43216
