15093 3
15467
16693 7
16726
17023 8
17165
17468 9
18482
20311 15
20607
20904 16
20957
21258 17
21311
21612 18
21665
22591 21
22697
23005 22
23892
24189 23
24223
24520 24
24553
24852 25
24939
25236 26
25269
26172 29
26468
27072 31
27078
27686 33
27982
28899 36
29505
29811 37
29903
30506 39
30553
30860 40
31954
32856 43
40902
41801 46
42093
42719 48
42739
43954 52
44250
45166 55
45195
45492 56
45551
45848 57
45901
46204 58
46293
46592 59
46678
47585 62
47881
48800 65
49092
50008 68
50061
50360 69
50445
50744 70
50831
51738 73
52034
