15093 3
15467
16693 7
16726
17023 8
17165
17468 9
18482
20311 15
20607
20904 16
20957
21258 17
21311
21612 18
21665
22591 21
22697
23005 22
23892
24189 23
24223
24520 24
24553
24852 25
24939
25236 26
25269
26172 29
26468
27072 31
27078
27686 33
27982
28899 36
29505
29811 37
29903
30506 39
30553
30860 40
31954
32856 43
40902
41801 46
42097
42723 48
42743
43958 52
44254
45170 55
45199
45496 56
45555
45852 57
45905
46208 58
46297
46596 59
46682
47589 62
47885
48804 65
49100
50016 68
50069
50368 69
50453
50752 70
50839
51746 73
52042
