15088 3
15462
16688 7
16721
17018 8
17160
17463 9
18477
20306 15
20602
20899 16
20952
21253 17
21306
21607 18
21660
22586 21
22692
23000 22
23887
24184 23
24218
24515 24
24548
24847 25
24934
25231 26
25264
26167 29
26459
27063 31
27069
27677 33
27973
28890 36
29496
29802 37
29894
30497 39
30544
30851 40
31945
32847 43
40893
41792 46
42088
42714 48
42734
43949 52
44245
45161 55
45190
45487 56
45546
45843 57
45896
46199 58
46288
46587 59
46673
47580 62
47876
48795 65
49091
50007 68
50060
50359 69
50444
50743 70
50830
51737 73
52033
