6013 3
6386
7612 7
7645
7942 8
8084
8387 9
9400
11229 15
11525
11822 16
11874
12175 17
12227
12528 18
12580
13506 21
13612
13920 22
14800
15097 23
15131
15428 24
15461
15760 25
15847
16144 26
16177
17080 29
17376
17980 31
17986
18594 33
18890
19807 36
20381
20687 37
20778
21381 39
21428
21735 40
22828
23730 43
31718
32617 46
32913
33539 48
33559
34774 52
35070
35986 55
36015
36312 56
36371
36668 57
36720
37023 58
37112
37411 59
37497
38404 62
38700
39619 65
39915
40831 68
40883
41182 69
41267
41566 70
41653
42560 73
42856
