15078 3
15452
16678 7
16711
17008 8
17150
17453 9
18467
20296 15
20588
20885 16
20938
21239 17
21292
21593 18
21646
22572 21
22678
22986 22
23873
24170 23
24204
24501 24
24534
24833 25
24920
25217 26
25250
26153 29
26449
27053 31
27059
27667 33
27963
28880 36
29486
29792 37
29884
30487 39
30534
30841 40
31935
32837 43
40883
41782 46
42078
42704 48
42724
43939 52
44235
45151 55
45180
45477 56
45536
45833 57
45886
46189 58
46278
46577 59
46663
47570 62
47866
48785 65
49081
49997 68
50050
50349 69
50434
50733 70
50820
51727 73
52023
