15109 3
15483
16709 7
16742
17039 8
17181
17484 9
18514
20343 15
20639
20936 16
20989
21290 17
21343
21644 18
21697
22623 21
22729
23037 22
23924
24221 23
24255
24552 24
24585
24884 25
24971
25268 26
25301
26204 29
26500
27104 31
27110
27718 33
28014
28931 36
29537
29843 37
29935
30538 39
30585
30892 40
31986
32888 43
40934
41833 46
42129
42755 48
42775
43990 52
44286
45202 55
45231
45528 56
45587
45884 57
45937
46240 58
46329
46628 59
46714
47621 62
47917
48836 65
49132
50048 68
50101
50400 69
50485
50784 70
50871
51778 73
52074
