3825 3
4198
5424 7
5457
5754 8
5896
6199 9
7185
9014 15
9310
9607 16
9659
9960 17
10012
10313 18
10365
11291 21
11397
11705 22
12585
12882 23
12916
13213 24
13246
13545 25
13632
13929 26
13962
14865 29
15157
15761 31
15767
16375 33
16671
17588 36
18162
18468 37
18559
19162 39
19209
19516 40
20604
21506 43
29286
30185 46
30481
31107 48
31127
32342 52
32638
33554 55
33583
33880 56
33939
34236 57
34288
34591 58
34680
34979 59
35065
35972 62
36268
37187 65
37483
38399 68
38451
38750 69
38835
39134 70
39221
40128 73
40424
