4451 3
4834
6060 7
6093
6390 8
6532
6835 9
7858
9687 15
9983
10280 16
10342
10643 17
10705
11006 18
11068
11994 21
12100
12408 22
13324
13621 23
13655
13952 24
13985
14284 25
14371
14668 26
14701
15604 29
15900
16504 31
16510
17118 33
17414
18331 36
18999
19305 37
19406
20009 39
20056
20363 40
21461
22363 43
30689
31588 46
31884
32510 48
32530
33745 52
34041
34957 55
34986
35283 56
35342
35639 57
35701
36004 58
36093
36392 59
36478
37385 62
37681
38600 65
38896
39812 68
39874
40173 69
40258
40557 70
40644
41551 73
41847
