5099 3
5476
6702 7
6735
7032 8
7174
7477 9
8487
10316 15
10612
10909 16
10965
11266 17
11322
11623 18
11679
12605 21
12711
13019 22
13919
14216 23
14250
14547 24
14580
14879 25
14966
15263 26
15296
16199 29
16491
17095 31
17101
17709 33
18005
18922 36
19462
19768 37
19863
20466 39
20513
20820 40
21916
22818 43
30926
31825 46
32121
32747 48
32767
33982 52
34278
35194 55
35223
35520 56
35579
35876 57
35932
36235 58
36324
36623 59
36709
37616 62
37912
38831 65
39127
40043 68
40099
40398 69
40483
40782 70
40869
41776 73
42072
