15073 3
15447
16673 7
16706
17003 8
17145
17448 9
18462
20291 15
20583
20880 16
20933
21234 17
21287
21588 18
21641
22567 21
22673
22981 22
23868
24165 23
24199
24496 24
24529
24828 25
24915
25212 26
25245
26148 29
26444
27048 31
27054
27662 33
27958
28875 36
29481
29787 37
29879
30482 39
30529
30836 40
31930
32832 43
40878
41777 46
42073
42699 48
42719
43934 52
44230
45146 55
45175
45472 56
45531
45828 57
45881
46184 58
46273
46572 59
46658
47565 62
47857
48776 65
49072
49988 68
50041
50340 69
50425
50724 70
50811
51718 73
52014
