8536 3
8945
10175 7
10918
12747 13
13043
13340 14
13402
13699 15
13761
14062 7
14435 16
14497
15423 19
15529
15841 20
16819
17120 21
17154
17455 22
17488
17791 23
17878
18179 24
18212
19119 27
19415
20023 29
20029
20637 31
20933
21850 34
22524
22826 35
22927
23530 37
23577
23884 38
24716
25618 41
26728 38
27078 41
35736
36631 44
36927
37553 46
37573
38792 50
39088
40004 53
40066
40365 54
40454
40753 55
40839
41746 58
42042
42961 61
43257
44177 64
44239
44538 65
44623
44922 66
45009
45916 69
46212
