5037 3
5410
6636 7
6669
6966 8
7108
7411 9
8424
10253 15
10549
10846 16
10898
11199 17
11251
11552 18
11604
12530 21
12636
12944 22
13824
14121 23
14155
14452 24
14485
14784 25
14871
15168 26
15201
16104 29
16400
17004 31
17010
17618 33
17914
18831 36
19405
19711 37
19802
20405 39
20452
20759 40
21836
22738 43
30726
31625 46
31921
32547 48
32567
33782 52
34078
34994 55
35023
35320 56
35379
35676 57
35728
36031 58
36120
36419 59
36505
37412 62
37704
38623 65
38919
39835 68
39887
40186 69
40271
40570 70
40657
41564 73
41860
