5463 3
5846
7072 7
7105
7402 8
7544
7847 9
8843
10672 15
10968
11265 16
11327
11628 17
11690
11991 18
12053
12979 21
13085
13393 22
14309
14606 23
14640
14937 24
14970
15269 25
15356
15653 26
15686
16589 29
16885
17489 31
17495
18103 33
18395
19312 36
19980
20286 37
20387
20990 39
21037
21344 40
22440
23342 43
31460
32359 46
32655
33281 48
33301
34516 52
34812
35728 55
35757
36054 56
36113
36410 57
36472
36775 58
36864
37163 59
37249
38156 62
38452
39371 65
39667
40583 68
40645
40944 69
41029
41328 70
41415
42322 73
42618
