13325 3
13699
14925 7
14958
15255 8
15397
15700 9
16714
18543 15
18839
19136 16
19189
19490 17
19543
19844 18
19897
20823 21
20929
21237 22
22124
22421 23
22455
22752 24
22785
23084 25
23171
23468 26
23501
24404 29
24700
25304 31
25310
25918 33
26214
27131 36
27725
28031 37
28123
28726 39
28773
29080 40
30174
31076 43
39116
40015 46
40307
40933 48
40953
42168 52
42460
43376 55
43405
43702 56
43761
44058 57
44111
44414 58
44503
44802 59
44888
45795 62
46091
47010 65
47302
48218 68
48271
48570 69
48655
48954 70
49041
49948 73
50244
