3855 3
4238
5464 7
5497
5794 8
5936
6239 9
7235
9064 15
9360
9657 16
9719
10020 17
10082
10383 18
10445
11371 21
11477
11785 22
12701
12998 23
13032
13329 24
13362
13661 25
13748
14045 26
14078
14981 29
15277
15881 31
15887
16495 33
16787
17704 36
18372
18678 37
18779
19382 39
19429
19736 40
20834
21736 43
29849
30748 46
31044
31670 48
31690
32905 52
33201
34117 55
34146
34443 56
34502
34799 57
34861
35164 58
35253
35552 59
35638
36545 62
36841
37760 65
38056
38972 68
39034
39333 69
39418
39717 70
39804
40711 73
41007
