6364 3
6737
7963 7
7996
8293 8
8435
8738 9
9724
11553 15
11849
12146 16
12198
12499 17
12551
12852 18
12904
13830 21
13936
14244 22
15124
15421 23
15455
15752 24
15785
16084 25
16171
16468 26
16501
17404 29
17700
18304 31
18310
18918 33
19210
20127 36
20701
21007 37
21098
21701 39
21748
22055 40
23155
24057 43
31842
32741 46
33037
33663 48
33683
34898 52
35194
36110 55
36139
36436 56
36495
36792 57
36844
37147 58
37236
37535 59
37621
38528 62
38824
39743 65
40039
40955 68
41007
41306 69
41391
41690 70
41777
42684 73
42976
